948048
8071529
1537194
5997218
4212194
4056668
3380100
7265732
7111403
7383505
1643832
7157594
1638013
1029426
5063981
4358117
5786579
3278049
2092380
2819553
868210
1987050
4351731
5375712
4187655
9342959
8454148
7007412
2632119
1342117
7703304
6831951
9806812
2946778
8533693
1982685
2839293
9497788
690500
8418152
6956552
7941297
9507522
2621882
3939050
3014529
1076268
1838017
6012050
1823265
6890188
1433956
4627442
5901879
2672178
4245842
7312273
9657702
5829280
6067487
7959655
4192126
7034147
9536570
2771374
8042458
6339964
3063551
7236182
4582720
2005494
5403315
2199033
9464310
8204536
7694757
1508179
6799528
6912126
3880675
5385680
2245268
3174309
3730312
7315142
2514862
1070756
4308066
9189226
188312
1237255
2001027
5152547
9749384
810738
2131452
5294798
5536222
7315011
331876
2022623
3759336
5702989
5992794
2010596
4761736
9185056
3592785
4697715
3439162
8917121
6246746
6759252
126244
5974791
473839
5200481
9709028
6458665
3817150
1118537
9165391
6238662
5115142
890259
7344425
7523154
2340012
2984717
5272455
7821734
3691086
5113188
8205100
1581420
3309133
8251922
5133284
5923233
3127970
4617037
3632340
7209229
1694030
1551940
5879456
6003491
4608776
6827712
4435697
9564471
1972145
8545508
473057
4548010
2515236
1645095
7681082
9445997
1370924
5587446
2465407
2121304
2819904
4176427
3760019
3764651
5202365
348698
1899104
3992776
4225073
5154594
7066947
1120977
216168
4563252
7708257
6107825
4379088
2332674
7108900
5949049
8572240
1650792
7463191
4858816
6887741
3779471
7532435
265516
2754667
9048863
3197798
6733316
1395693
5271079
8268176
2137568
4752546
2068651
5099449
7412607
9069232
9578842
498125
6563708
8245783
5303158
6012549
6978836
6469155
8879887
3768314
7406994
6211051
3080935
1018620
8991999
3366543
573675
2087373
5153370
6653274
143592
5300827
1060489
78211
316969
3646836
4847944
5406344
1780049
9437857
4701488
8253794
2116395
867040
7578908
1521182
7199226
7977255
220783
1130413
7480779
5689142
4129554
7702422
1927085
3525338
4015964
4788004
5922294
6156061
8492440
8652392
2163988
1071455
1206981
2902742
3118974
5618530
7765637
767492
3765734
2023898
4027776
2915814
5761789
136759
5752019
4059968
8525472
7946907
4471320
4228307
3778154
7037488
7473892
6693856
2435198
8947376
8488044
4026246
1814433
8528239
4790671
4439972
9758710
4133474
3813454
5358378
9434228
6152912
5633062
9908425
811889
144818
995941
1629840
2604271
605561
1231257
4878804
5257450
2687114
5840599
7135066
4126596
2361400
4112499
7781357
63642
1138533
3080680
416075
3349664
372503
9323067
2776719
9525036
9261608
7500400
9263295
1361038
7418674
6276896
1072796
9857922
1959087
1584221
9585893
8221572
2122510
683983
9067276
6655049
8384258
5958398
1436845
4116028
9916331
1381813
7723983
1758868
1003982
7938715
6294389
5051274
3845796
5948349
5499905
9766580
7550430
5883903
8052508
365958
1428739
6943109
1056105
8878054
6847723
2898964
3800700
6911858
9924074
2806180
8894175
7007471
4172012
878780
7348199
7840325
5181488
1346217
3020517
6815551
5097721
9238498
3409584
2660002
3208090
6198465
8497495
6996315
735046
353514
5117215
3549367
6415403
7430734
1744727
2146002
8171242
2190835
4531692
4416529
8876806
8097851
4390611
8436663
1762440
2369930
3789203
215134
4513431
9676059
9664096
4002775
7408663
2181269
2336993
6992137
6719740
2992212
1845829
542178
8972165
5150194
8960488
1840164
3958938
485233
2954688
3288692
2637352
6317725
2493515
5824763
1988463
2633367
4061571
7489604
866638
949391
9183415
6208398
9896318
9811799
3802040
5638229
9150277
7651193
5851832
1797259
5669400
6164250
4889828
7872543
4093840
3561906
508028
41493
6359266
7274944
8958387
3392015
5821235
5939900
9789584
7370845
5580314
9862833
683716
1805334
632153
9811994
3405257
9911429
296910
2295030
1377919
7796490
9738112
3504705
220083
4306752
5162472
7173624
9804996
8507811
9676287
2111064
7123292
5449931
6668110
2108292
7122280
2905176
6394255
9627084
2628116
2618712
1953710
6833111
3029173
5822564
9191263
6198330
391584
5989949
5169513
2771649
585715
8946689
3119211
5821605
6539402
4864352
937955
4133313
311454
2664387
1319445
2957115
6751838
8708995
8937075
9242239
1267100
1280006
8398754
8001118
8673916
2352660
2582553
625062
7174871
2474063
9208212
9315784
7226570
5346290
1147313
4816327
2204880
20799
1030558
5483699
1659326
6606387
8585711
3209738
2484562
8433474
686520
8735650
9033765
9486082
7045335
965423
6573241
3762954
1732448
1409770
9248329
74577
4592667
7043958
7492161
3666526
1810007
2874319
5569105
4852936
6981374
9949193
3327314
3748013
8266476
2880565
9827430
2123955
7831962
5500858
6306031
972006
1630838
1623958
7390908
3274156
2190385
4734293
5304643
1547347
9715915
8460536
9602469
7493066
7533922
2793073
3676228
4880342
1179390
8475689
250756
9174248
7253243
1679025
1219790
707773
1595757
1573559
3829311
5926205
5950930
253276
66624
1143932
7968064
3659741
8828877
2320092
4987234
2728495
9194152
7230472
7519100
1160822
1823974
8184688
5657541
6077657
6752992
2730091
9554123
8038373
366991
9738929
7234860
3184714
3441040
9730868
9177939
1326418
1982678
3901562
7638892
8975097
7164865
139751
4954142
4996273
6776887
2111206
2438396
5595676
4451352
6458240
1654659
2711111
2859503
3243738
1690859
1136520
8220114
9582440
2132128
4556027
6458588
3046677
1757248
8795329
6076116
6476326
8075685
7266874
3068944
4844978
1659717
5867327
5813726
3889554
710571
6176197
3702887
436303
3786431
9504611
1849002
1500467
3332581
6272587
1760670
1274346
8178285
4475012
406779
4820248
4412697
5313916
2893161
2194446
8050809
6311460
3944095
6453599
820080
9896130
4268401
9297051
4497683
6788081
5721331
7324614
716678
4133795
243506
3464209
9148541
8881222
9328049
7988802
8239006
9961644
1177996
4293263
2867444
7212081
121183
2221568
1269604
6967224
1204714
3137185
5965696
6893075
6829781
3963773
7091557
9003125
1595506
9804517
228658
6278779
2151348
8709858
1295317
6351125
6418474
6492593
2058760
4731504
8642784
6938612
7876696
8935865
6601513
9702416
1166217
1440892
5534618
3741444
3416232
6687067
2492420
5143177
7290916
165638
9973491
1062149
8836502
9385961
8371263
8165346
1043477
2849662
2030922
6811776
701133
9050275
5264516
8865058
1127215
5330677
9726641
4889529
3734947
7605888
6161570
3146774
5052148
2799923
993319
801276
67295
5055971
4332960
2829454
1923850
2421700
3871388
7521925
1975910
4301895
9415342
3519514
4176869
5437381
5984163
5323917
839876
3231157
9333777
7182986
279775
4788225
785729
1781364
9324819
3001014
2151747
5086785
1980477
296218
7491312
9252105
9603581
9268954
1126147
978353
9918093
9939263
9200541
2315204
2357590
7697413
6359576
6772269
603351
8792565
7488918
3702194
9962664
8144457
8442975
6706343
6592101
6612960
3186054
3536614
7873621
4457591
3845813
7893307
2209462
1608417
9897178
5785675
5173950
6896736
4957811
5100318
7063082
7785364
8924616
2969588
6922690
9360384
9859714
7072503
5586338
7709341
9684139
9001450
6377756
4637621
9438356
3071683
1519338
6913239
7702830
1823850
447530
3471713
9701532
2593116
6679399
8110822
2756678
2580732
5994590
278751
4770304
6902737
2028921
9516749
871458
5291689
7494394
2446028
7338096
7864188
4921526
9853557
7671612
1188883
2624945
3829215
2521455
7050075
416119
6884977
428013
1376862
2384765
6664716
7815148
6795765
7789779
6058077
1858315
2693427
9713471
9416712
4884228
817975
4293879
7705632
9520402
7408317
6730194
3466151
6625272
2002031
9890625
6761879
6044738
2107959
4933285
1289019
5429758
1724295
6207694
7524170
1042197
739412
3972712
4405324
8857735
2596764
4068249
3170913
9869514
1912404
9972227
3972708
9576360
7811701
534087
6201066
6585303
5103830
1439931
2848036
3615578
5647718
611443
9861535
4353018
4128241
6059550
6027010
8262591
825777
2292996
7102207
4072788
5299190
949567
7952321
2112845
1045924
1607520
4823635
3516844
4113891
942044
3202051
273115
5699899
130332
7983877
5718842
2836698
8524972
7008905
2404153
4316457
1352665
6449579
7264523
4920313
600472
5530812
9378396
1662752
9209495
451796
6583315
